4294967278,41
4294967278,40
4294967278,39
4294967278,38
4294967278,37
4294967278,36
4294967278,35
4294967278,34
4294967278,33
4294967278,32
4294967278,31
4294967278,30
4294967278,29
4294967278,28
4294967278,27
4294967278,26
4294967278,25
4294967278,24
4294967278,23
4294967278,22
4294967278,21
4294967278,20
4294967279,301
4294967279,259
4294967279,275
4294967279,273
4294967279,298
4294967294,1413
4294967294,188
4294967294,162
4294967294,193
4294967294,996
4294967279,297
4294967279,274
4294967279,545
4294967278,358
4294967279,281
4294967278,357
4294967279,544
4294967278,257
4294967279,543
4294967278,356
4294967279,542
4294967279,541
4294967278,355
4294967279,540
4294967278,354
4294967294,469
4294967278,353
4294967279,539
4294967279,538
4294967278,352
4294967278,351
4294967278,255
4294967279,537
4294967278,350
4294967294,389
4294967294,396
4294967294,408
4294967294,148
4294967294,177
4294967294,406
4294967294,420
4294967294,385
4294967294,183
4294967294,402
4294967294,405
4294967294,443
4294967294,167
4294967294,453
4294967294,413
4294967294,184
4294967294,108
4294967279,536
4294967279,535
4294967278,349
4294967278,252
4294967294,436
4294967279,534
4294967278,251
4294967279,533
4294967278,247
4294967278,246
4294967278,249
4294967279,532
4294967278,245
4294967294,91
4294967294,87
4294967294,85
4294967294,84
4294967294,150
4294967294,149
4294967294,53
4294967294,45
4294967294,44
4294967294,38
4294967294,36
4294967278,243
4294967294,88
4294967278,46
4294967278,45
4294967278,44
4294967278,43
4294967278,42
4294967279,51
4294967279,49
4294967279,48
4294967279,47
4294967279,46
4294967279,45
4294967279,44
4294967279,43
4294967279,41
4294967279,38
4294967279,37
4294967279,35
4294967279,34
4294967279,31
4294967279,30
4294967279,29
4294967279,27
4294967279,23
4294967279,22
4294967279,21
4294967279,19
4294967279,18
4294967279,16
4294967279,15
4294967279,12
4294967279,11
4294967279,10
4294967278,241
4294967278,239
4294967279,531
4294967278,237
4294967278,236
4294967278,234
4294967278,232
4294967278,230
4294967278,228
4294967278,226
4294967278,224
4294967278,222
4294967278,220
4294967278,218
4294967278,216
4294967278,214
4294967279,530
4294967278,213
4294967278,212
4294967278,211
4294967278,210
4294967278,209
4294967278,208
4294967278,310
4294967278,206
4294967294,39
4294967294,76
4294967294,41
4294967294,1416
4294967294,423
4294967294,43
4294967294,51
4294967294,201
4294967294,82
4294967294,83
4294967278,348
4294967279,529
4294967278,132
4294967278,131
4294967278,130
4294967278,129
4294967278,128
4294967278,127
4294967278,126
4294967278,125
4294967278,124
4294967278,123
4294967278,122
4294967278,121
4294967278,120
4294967278,119
4294967278,118
4294967278,117
4294967278,116
4294967278,115
4294967278,114
4294967278,113
4294967278,112
4294967278,111
4294967278,110
4294967278,109
4294967278,108
4294967278,107
4294967278,106
4294967278,105
4294967278,104
4294967278,103
4294967278,102
4294967278,101
4294967278,100
4294967278,99
4294967278,98
4294967278,97
4294967278,96
4294967278,95
4294967278,94
4294967278,93
4294967278,92
4294967278,91
4294967278,86
4294967278,84
4294967278,83
4294967278,82
4294967278,81
4294967278,79
4294967278,78
4294967278,77
4294967278,76
4294967278,75
4294967278,74
4294967278,72
4294967278,68
4294967278,67
4294967278,66
4294967278,65
4294967278,63
4294967278,60
4294967278,59
4294967278,58
4294967278,57
4294967278,54
4294967278,52
4294967278,51
4294967278,50
4294967278,47
4294967279,50
4294967279,42
4294967279,40
4294967279,39
4294967279,26
4294967279,25
4294967279,24
4294967279,302
4294967279,268
4294967279,269
4294967279,20
4294967279,515
4294967279,17
4294967279,299
4294967279,14
4294967279,276
4294967279,13
4294967279,9
4294967279,8
4294967279,7
4294967279,6
4294967279,5
4294967279,4
4294967294,5
4294967278,203
4294967294,1414
4294967278,347
4294967278,346
4294967278,90
4294967294,81
4294967294,115
4294967279,528
4294967279,260
4294967278,345
4294967278,89
4294967279,527
4294967278,344
4294967278,87
4294967278,199
4294967294,37
4294967294,1419
4294967294,1418
4294967294,1417
4294967279,526
4294967278,198
4294967278,343
4294967278,85
4294967294,89
4294967278,197
4294967278,196
4294967278,193
4294967278,195
19,5
19,4
4294967278,194
19,3
19,2
19,1
4294967278,342
4294967278,80
4294967294,40
4294967278,192
4294967278,191
4294967279,525
4294967278,190
4294967294,8
4294967278,189
4294967278,73
4294967294,7
